%YAML:1.0
mat: !!opencv-matrix
   rows: 2688
   cols: 1
   dt: d
   data: [ 3.7089999999999998e-02, 4.1869000000000003e-02, 0., 0.,
       3.3708000000000002e-02, 4.0875000000000002e-02,
       4.3186000000000002e-02, 0., 4.4878000000000001e-02, 0.,
       2.2491000000000001e-02, 0., 3.8114000000000002e-02, 0., 0.,
       4.3683000000000000e-02, 0., 0., 4.4901000000000003e-02, 0., 0.,
       3.2955999999999999e-02, 4.6819000000000000e-02, 0.,
       5.0880000000000002e-02, 3.8926000000000002e-02, 0., 0., 0.,
       6.6612000000000005e-02, 2.9042999999999999e-02, 0., 0.,
       4.9917999999999997e-02, 0., 4.2821999999999999e-02,
       2.0683000000000000e-02, 0., 0., 0., 0., 4.4004000000000001e-02,
       0., 0., 0., 0., 0., 0., 0., 0., 4.8147000000000002e-02,
       3.9572999999999997e-02, 4.4991999999999997e-02,
       4.2484000000000001e-02, 0., 4.4318999999999997e-02, 0., 0.,
       3.8808000000000002e-02, 6.2150999999999998e-02,
       3.7501000000000000e-02, 0., 3.9898999999999997e-02, 0., 0.,
       3.7352999999999997e-02, 0., 0., 2.6644999999999999e-02, 0.,
       3.5321999999999999e-02, 4.3267000000000000e-02, 0.,
       3.0612000000000000e-02, 4.0085999999999997e-02,
       4.3671000000000001e-02, 0., 6.3351000000000005e-02, 0., 0.,
       5.2137999999999997e-02, 0., 0., 0., 0., 0., 0.,
       3.8080999999999997e-02, 4.0065000000000003e-02, 0., 0.,
       4.1640000000000003e-02, 0., 5.0819999999999997e-02,
       5.4731000000000002e-02, 0., 2.9485000000000001e-02, 0., 0., 0.,
       0., 4.9770000000000002e-02, 0., 0., 5.3881999999999999e-02, 0.,
       4.6956999999999999e-02, 8.2511000000000001e-02, 0., 0., 0.,
       3.2938000000000002e-02, 0., 2.7463999999999999e-02, 0., 0.,
       5.4420999999999997e-02, 0., 2.2078000000000000e-02, 0., 0., 0.,
       0., 5.0535999999999998e-02, 3.9345999999999999e-02,
       3.1285000000000000e-02, 5.0469000000000000e-02, 0.,
       2.9873000000000000e-02, 2.3803000000000001e-02, 0., 0.,
       2.6674000000000000e-02, 4.0875000000000002e-02,
       4.2620999999999999e-02, 0., 3.1687000000000000e-02, 0.,
       1.9234999999999999e-02, 0., 3.3702000000000003e-02, 0., 0.,
       4.3046000000000001e-02, 0., 0., 4.4901000000000003e-02, 0., 0.,
       3.2955999999999999e-02, 2.3491999999999999e-02, 0.,
       3.3783000000000001e-02, 3.8926000000000002e-02, 0., 0., 0.,
       3.5548999999999997e-02, 1.4977000000000001e-02, 0., 0.,
       4.5659999999999999e-02, 0., 4.2821999999999999e-02,
       1.2449000000000000e-02, 0., 0., 0., 0., 4.4004000000000001e-02,
       0., 0., 0., 0., 0., 0., 0., 0., 3.5143000000000001e-02,
       3.8231000000000001e-02, 4.1033000000000000e-02,
       2.2113000000000001e-02, 0., 2.4955000000000001e-02, 0., 0.,
       2.5208000000000001e-02, 4.1180000000000001e-02,
       2.7976999999999998e-02, 0., 3.8212999999999997e-02, 0., 0.,
       3.4987999999999998e-02, 0., 0., 2.3318999999999999e-02, 0.,
       3.5321999999999999e-02, 2.6452000000000000e-02, 0.,
       2.8139000000000001e-02, 2.4663000000000001e-02,
       4.3671000000000001e-02, 0., 3.0446000000000001e-02, 0., 0.,
       3.5527000000000003e-02, 0., 0., 0., 0., 0., 0.,
       3.2883000000000003e-02, 4.0065000000000003e-02, 0., 0.,
       2.4965000000000001e-02, 0., 5.0819999999999997e-02,
       5.4731000000000002e-02, 0., 2.9485000000000001e-02, 0., 0., 0.,
       0., 2.9991000000000000e-02, 0., 0., 2.8258999999999999e-02, 0.,
       3.0457000000000001e-02, 7.0265999999999995e-02, 0., 0., 0.,
       1.9886000000000001e-02, 0., 2.7463999999999999e-02, 0., 0.,
       3.1939000000000002e-02, 0., 0., 0., 0., 0., 0.,
       5.0535999999999998e-02, 3.9345999999999999e-02,
       3.1285000000000000e-02, 5.0469000000000000e-02, 0.,
       3.6567000000000002e-02, 2.8409000000000000e-02, 0., 0.,
       3.3708000000000002e-02, 3.4209999999999997e-02,
       3.9174000000000000e-02, 0., 4.4878000000000001e-02, 0.,
       2.2491000000000001e-02, 0., 3.0491999999999998e-02, 0., 0.,
       4.3683000000000000e-02, 0., 0., 3.6201999999999998e-02, 0., 0.,
       2.9413000000000002e-02, 2.7401999999999999e-02, 0.,
       3.1813000000000001e-02, 3.8651999999999999e-02, 0., 0., 0.,
       2.9114000000000001e-02, 2.4819999999999998e-02, 0., 0.,
       3.1336999999999997e-02, 0., 3.8205999999999997e-02,
       1.4526000000000001e-02, 0., 0., 0., 0., 3.7761999999999997e-02,
       0., 0., 0., 0., 0., 0., 0., 0., 4.8147000000000002e-02,
       3.9572999999999997e-02, 3.0218999999999999e-02,
       2.8351000000000001e-02, 0., 2.5208000000000001e-02, 0., 0.,
       3.8808000000000002e-02, 3.5518000000000001e-02,
       3.7501000000000000e-02, 0., 3.8628999999999997e-02, 0., 0.,
       3.7352999999999997e-02, 0., 0., 1.8820000000000000e-02, 0.,
       3.1074999999999998e-02, 2.8115000000000001e-02, 0.,
       2.7215000000000000e-02, 4.0085999999999997e-02,
       4.3090999999999997e-02, 0., 3.2321999999999997e-02, 0., 0.,
       4.5821000000000001e-02, 0., 0., 0., 0., 0., 0.,
       3.8080999999999997e-02, 2.1194999999999999e-02, 0., 0.,
       3.8351999999999997e-02, 0., 3.9407999999999999e-02,
       2.9056999999999999e-02, 0., 2.3775000000000001e-02, 0., 0., 0.,
       0., 2.6595000000000001e-02, 0., 0., 3.9231000000000002e-02, 0.,
       3.6894999999999997e-02, 7.3556999999999997e-02, 0., 0., 0.,
       2.1652000000000001e-02, 0., 2.5919000000000001e-02, 0., 0.,
       5.4420999999999997e-02, 0., 0., 0., 0., 0., 0.,
       3.2245000000000003e-02, 2.1797000000000000e-02,
       2.7421999999999998e-02, 3.6471000000000003e-02, 0.,
       3.4963000000000001e-02, 4.1869000000000003e-02, 0., 0.,
       2.3361000000000000e-02, 3.8762999999999999e-02,
       4.3186000000000002e-02, 0., 1.7312999999999999e-02, 0.,
       8.8100000000000001e-03, 0., 3.8114000000000002e-02, 0., 0.,
       3.1496999999999997e-02, 0., 0., 4.1313999999999997e-02, 0., 0.,
       3.0148000000000001e-02, 3.3181000000000002e-02, 0.,
       5.0880000000000002e-02, 1.1221999999999999e-02, 0., 0., 0.,
       4.3933000000000000e-02, 2.9042999999999999e-02, 0., 0.,
       4.9917999999999997e-02, 0., 3.2631000000000000e-02,
       1.9913000000000000e-02, 0., 0., 0., 0., 3.6656000000000001e-02,
       0., 0., 0., 0., 0., 0., 0., 0., 3.7560999999999997e-02,
       3.7490999999999997e-02, 4.4991999999999997e-02,
       4.2484000000000001e-02, 0., 4.4318999999999997e-02, 0., 0.,
       2.2071000000000000e-02, 6.2150999999999998e-02,
       3.6320999999999999e-02, 0., 3.9898999999999997e-02, 0., 0.,
       3.3850999999999999e-02, 0., 0., 2.6644999999999999e-02, 0.,
       3.0006000000000001e-02, 3.7956999999999998e-02, 0.,
       3.0612000000000000e-02, 3.2334000000000002e-02,
       3.2537999999999997e-02, 0., 6.3351000000000005e-02, 0., 0.,
       5.2137999999999997e-02, 0., 0., 0., 0., 0., 0.,
       3.5834999999999999e-02, 3.4942000000000001e-02, 0., 0.,
       4.1640000000000003e-02, 0., 3.0816000000000000e-02,
       2.5869000000000000e-02, 0., 1.7857999999999999e-02, 0., 0., 0.,
       0., 4.9770000000000002e-02, 0., 0., 5.3881999999999999e-02, 0.,
       4.6956999999999999e-02, 4.7884000000000003e-02, 0., 0., 0.,
       2.4535999999999999e-02, 0., 2.7081000000000001e-02, 0., 0.,
       2.5125000000000001e-02, 0., 2.2078000000000000e-02, 0., 0., 0.,
       0., 3.0065000000000001e-02, 2.6107999999999999e-02,
       2.6231000000000001e-02, 3.6641000000000000e-02, 0.,
       3.7089999999999998e-02, 1.1509999999999999e-02, 0., 0.,
       1.6423000000000000e-02, 3.1981000000000002e-02,
       3.0901999999999999e-02, 0., 2.8278000000000001e-02, 0.,
       1.3919000000000001e-02, 0., 2.3805000000000000e-02, 0., 0.,
       3.5061000000000002e-02, 0., 0., 2.6997000000000000e-02, 0., 0.,
       2.0670999999999998e-02, 4.6819000000000000e-02, 0.,
       4.6300000000000001e-02, 0., 0., 0., 0., 6.6612000000000005e-02,
       8.2760000000000004e-03, 0., 0., 2.6575999999999999e-02, 0.,
       3.8481000000000001e-02, 2.0683000000000000e-02, 0., 0., 0., 0.,
