%YAML:1.0
    mat: !!opencv-matrix
        rows: 2688
        cols: 1
        dt: d
        data: [ 0.037090, 0.041869, 0.000000, 
            0.000000, 0.033708, 0.040875, 0.043186, 
            0.000000, 0.044878, 0.000000, 0.022491, 
            0.000000, 0.038114, 0.000000, 0.000000, 
            0.043683, 0.000000, 0.000000, 0.044901, 
            0.000000, 0.000000, 0.032956, 0.046819, 
            0.000000, 0.050880, 0.038926, 0.000000, 
            0.000000, 0.000000, 0.066612, 0.029043, 
            0.000000, 0.000000, 0.049918, 0.000000, 
            0.042822, 0.020683, 0.000000, 0.000000, 
            0.000000, 0.000000, 0.044004, 0.000000, 
            0.000000, 0.000000, 0.000000, 0.000000, 
            0.000000, 0.000000, 0.000000, 0.048147, 
            0.039573, 0.044992, 0.042484, 0.000000, 
            0.044319, 0.000000, 0.000000, 0.038808, 
            0.062151, 0.037501, 0.000000, 0.039899, 
            0.000000, 0.000000, 0.037353, 0.000000, 
            0.000000, 0.026645, 0.000000, 0.035322, 
            0.043267, 0.000000, 0.030612, 0.040086, 
            0.043671, 0.000000, 0.063351, 0.000000, 
            0.000000, 0.052138, 0.000000, 0.000000, 
            0.000000, 0.000000, 0.000000, 0.000000, 
            0.038081, 0.040065, 0.000000, 0.000000, 
            0.041640, 0.000000, 0.050820, 0.054731, 
            0.000000, 0.029485, 0.000000, 0.000000, 
            0.000000, 0.000000, 0.049770, 0.000000, 
            0.000000, 0.053882, 0.000000, 0.046957, 
            0.082511, 0.000000, 0.000000, 0.000000, 
            0.032938, 0.000000, 0.027464, 0.000000, 
            0.000000, 0.054421, 0.000000, 0.022078, 
            0.000000, 0.000000, 0.000000, 0.000000, 
            0.050536, 0.039346, 0.031285, 0.050469, 
            0.000000, 0.029873, 0.023803, 0.000000, 
            0.000000, 0.026674, 0.040875, 0.042621, 
            0.000000, 0.031687, 0.000000, 0.019235, 
            0.000000, 0.033702, 0.000000, 0.000000, 
            0.043046, 0.000000, 0.000000, 0.044901, 
            0.000000, 0.000000, 0.032956, 0.023492, 
            0.000000, 0.033783, 0.038926, 0.000000, 
            0.000000, 0.000000, 0.035549, 0.014977, 
            0.000000, 0.000000, 0.045660, 0.000000, 
            0.042822, 0.012449, 0.000000, 0.000000, 
            0.000000, 0.000000, 0.044004, 0.000000, 
            0.000000, 0.000000, 0.000000, 0.000000, 
            0.000000, 0.000000, 0.000000, 0.035143, 
            0.038231, 0.041033, 0.022113, 0.000000, 
            0.024955, 0.000000, 0.000000, 0.025208, 
            0.041180, 0.027977, 0.000000, 0.038213, 
            0.000000, 0.000000, 0.034988, 0.000000, 
            0.000000, 0.023319, 0.000000, 0.035322, 
            0.026452, 0.000000, 0.028139, 0.024663, 
            0.043671, 0.000000, 0.030446, 0.000000, 
            0.000000, 0.035527, 0.000000, 0.000000, 
            0.000000, 0.000000, 0.000000, 0.000000, 
            0.032883, 0.040065, 0.000000, 0.000000, 
            0.024965, 0.000000, 0.050820, 0.054731, 
            0.000000, 0.029485, 0.000000, 0.000000, 
            0.000000, 0.000000, 0.029991, 0.000000, 
            0.000000, 0.028259, 0.000000, 0.030457, 
            0.070266, 0.000000, 0.000000, 0.000000, 
            0.019886, 0.000000, 0.027464, 0.000000, 
            0.000000, 0.031939, 0.000000, 0.000000, 
            0.000000, 0.000000, 0.000000, 0.000000, 
            0.050536, 0.039346, 0.031285, 0.050469, 
            0.000000, 0.036567, 0.028409, 0.000000, 
            0.000000, 0.033708, 0.034210, 0.039174, 
            0.000000, 0.044878, 0.000000, 0.022491, 
            0.000000, 0.030492, 0.000000, 0.000000, 
            0.043683, 0.000000, 0.000000, 0.036202, 
            0.000000, 0.000000, 0.029413, 0.027402, 
            0.000000, 0.031813, 0.038652, 0.000000, 
            0.000000, 0.000000, 0.029114, 0.024820, 
            0.000000, 0.000000, 0.031337, 0.000000, 
            0.038206, 0.014526, 0.000000, 0.000000, 
            0.000000, 0.000000, 0.037762, 0.000000, 
            0.000000, 0.000000, 0.000000, 0.000000, 
            0.000000, 0.000000, 0.000000, 0.048147, 
            0.039573, 0.030219, 0.028351, 0.000000, 
            0.025208, 0.000000, 0.000000, 0.038808, 
            0.035518, 0.037501, 0.000000, 0.038629, 
            0.000000, 0.000000, 0.037353, 0.000000, 
            0.000000, 0.018820, 0.000000, 0.031075, 
            0.028115, 0.000000, 0.027215, 0.040086, 
            0.043091, 0.000000, 0.032322, 0.000000, 
            0.000000, 0.045821, 0.000000, 0.000000, 
            0.000000, 0.000000, 0.000000, 0.000000, 
            0.038081, 0.021195, 0.000000, 0.000000, 
            0.038352, 0.000000, 0.039408, 0.029057, 
            0.000000, 0.023775, 0.000000, 0.000000, 
            0.000000, 0.000000, 0.026595, 0.000000, 
            0.000000, 0.039231, 0.000000, 0.036895, 
            0.073557, 0.000000, 0.000000, 0.000000, 
            0.021652, 0.000000, 0.025919, 0.000000, 
            0.000000, 0.054421, 0.000000, 0.000000, 
            0.000000, 0.000000, 0.000000, 0.000000, 
            0.032245, 0.021797, 0.027422, 0.036471, 
            0.000000, 0.034963, 0.041869, 0.000000, 
            0.000000, 0.023361, 0.038763, 0.043186, 
            0.000000, 0.017313, 0.000000, 0.008810, 
            0.000000, 0.038114, 0.000000, 0.000000, 
            0.031497, 0.000000, 0.000000, 0.041314, 
            0.000000, 0.000000, 0.030148, 0.033181, 
            0.000000, 0.050880, 0.011222, 0.000000, 
            0.000000, 0.000000, 0.043933, 0.029043, 
            0.000000, 0.000000, 0.049918, 0.000000, 
            0.032631, 0.019913, 0.000000, 0.000000, 
            0.000000, 0.000000, 0.036656, 0.000000, 
            0.000000, 0.000000, 0.000000, 0.000000, 
            0.000000, 0.000000, 0.000000, 0.037561, 
            0.037491, 0.044992, 0.042484, 0.000000, 
            0.044319, 0.000000, 0.000000, 0.022071, 
            0.062151, 0.036321, 0.000000, 0.039899, 
            0.000000, 0.000000, 0.033851, 0.000000, 
            0.000000, 0.026645, 0.000000, 0.030006, 
            0.037957, 0.000000, 0.030612, 0.032334, 
            0.032538, 0.000000, 0.063351, 0.000000, 
            0.000000, 0.052138, 0.000000, 0.000000, 
            0.000000, 0.000000, 0.000000, 0.000000, 
            0.035835, 0.034942, 0.000000, 0.000000, 
            0.041640, 0.000000, 0.030816, 0.025869, 
            0.000000, 0.017858, 0.000000, 0.000000, 
            0.000000, 0.000000, 0.049770, 0.000000, 
            0.000000, 0.053882, 0.000000, 0.046957, 
            0.047884, 0.000000, 0.000000, 0.000000, 
            0.024536, 0.000000, 0.027081, 0.000000, 
            0.000000, 0.025125, 0.000000, 0.022078, 
            0.000000, 0.000000, 0.000000, 0.000000, 
            0.030065, 0.026108, 0.026231, 0.036641, 
            0.000000, 0.037090, 0.011510, 0.000000, 
            0.000000, 0.016423, 0.031981, 0.030902, 
            0.000000, 0.028278, 0.000000, 0.013919, 
            0.000000, 0.023805, 0.000000, 0.000000, 
            0.035061, 0.000000, 0.000000, 0.026997, 
            0.000000, 0.000000, 0.020671, 0.046819, 
            0.000000, 0.046300, 0.000000, 0.000000, 
            0.000000, 0.000000, 0.066612, 0.008276, 
            0.000000, 0.000000, 0.026576, 0.000000, 
            0.038481, 0.020683, 0.000000, 0.000000, 
            0.000000, 0.000000, 0.038006, 0.000000, 
            0.000000, 0.000000, 0.000000, 0.000000, 
            0.000000, 0.000000, 0.000000, 0.024397, 
            0.032972, 0.035346, 0.018197, 0.000000, 
            0.029021, 0.000000, 0.000000, 0.021865, 
            0.036830, 0.026198, 0.000000, 0.038259, 
            0.000000, 0.000000, 0.020573, 0.000000, 
            0.000000, 0.017556, 0.000000, 0.019807, 
            0.043267, 0.000000, 0.025651, 0.025626, 
            0.035111, 0.000000, 0.048139, 0.000000, 
            0.000000, 0.035196, 0.000000, 0.000000, 
